1.2142 8 7 3 6 2
-1.45793 8 7 3 6 2
-0.421936 8 7 3 2 1
-0.0843771 3 7 8 2 1
-0.786489 8 7 3 2 6
-0.897348 8 7 3 2 6
-0.847695 8 7 3 2 6
-0.350358 8 7 3 2 1
-0.760275 8 7 3 2 6
-0.417621 8 7 3 2 1
-1.01506 8 7 3 2 6
1.53503 8 7 3 6 2
0.0293486 2 3 7 8 1
-0.73319 8 7 3 2 6
0.458133 8 7 3 2 6
-1.32274 8 7 3 6 2
-0.410904 8 7 3 2 1
-0.727644 8 7 3 2 6
0.678309 8 7 3 2 6
0.847237 8 7 3 2 6
0.724881 8 7 3 2 6
-0.839223 8 7 3 2 6
1.29279 8 7 3 6 2
0.904731 8 7 3 2 6
-0.554719 8 7 3 2 6
0.180714 7 8 3 2 1
-0.913385 8 7 3 2 6
-1.42077 8 7 3 6 2
1.34388 8 7 3 6 2
-0.372979 8 7 3 2 1
-1.30734 8 7 3 6 2
-0.831075 8 7 3 2 6
1.32625 8 7 3 6 2
0.726792 8 7 3 2 6
0.942694 8 7 3 2 6
0.626266 8 7 3 2 6
-0.369675 8 7 3 2 1
-1.12018 8 7 3 2 6
-1.51433 8 7 3 6 2
-1.43415 8 7 3 6 2
1.15232 8 7 3 2 6
1.17569 8 7 3 6 2
0.451201 8 7 3 2 6
-0.844895 8 7 3 2 6
1.43764 8 7 3 6 2
-0.233703 7 8 3 2 1
-1.02804 8 7 3 2 6
-1.2141 8 7 3 6 2
0.598003 8 7 3 2 6
1.19996 8 7 3 6 2
0.375405 8 7 3 2 1
0.508014 8 7 3 2 6
-0.978227 8 7 3 2 6
-0.249071 7 8 3 2 1
1.5283 8 7 3 6 2
1.42354 8 7 3 6 2
0.399934 8 7 3 2 1
1.07408 8 7 3 2 6
-1.28635 8 7 3 6 2
-1.33727 8 7 3 6 2
1.34312 8 7 3 6 2
0.541175 8 7 3 2 6
-0.866779 8 7 3 2 6
-0.688239 8 7 3 2 6
0.699929 8 7 3 2 6
-0.469737 8 7 3 2 6
-0.700018 8 7 3 2 6
0.0835802 3 7 8 2 1
0.449057 8 7 3 2 6
1.38388 8 7 3 6 2
0.744762 8 7 3 2 6
-0.871337 8 7 3 2 6
1.1317 8 7 3 2 6
1.18937 8 7 3 6 2
1.16754 8 7 3 6 2
0.574178 8 7 3 2 6
0.604553 8 7 3 2 6
-0.836968 8 7 3 2 6
0.921481 8 7 3 2 6
-1.20768 8 7 3 6 2
0.0131548 2 3 7 8 1
1.03668 8 7 3 2 6
1.26248 8 7 3 6 2
-0.624689 8 7 3 2 6
0.969788 8 7 3 2 6
1.20318 8 7 3 6 2
-0.170273 7 8 3 2 1
0.140092 7 8 3 2 1
-0.285657 7 8 3 2 1
0.239439 7 8 3 2 1
-0.704689 8 7 3 2 6
-0.788104 8 7 3 2 6
1.55756 8 7 3 6 2
-0.647877 8 7 3 2 6
0.502275 8 7 3 2 6
-0.858063 8 7 3 2 6
0.458037 8 7 3 2 6
-0.431052 8 7 3 2 6
-0.141563 7 8 3 2 1
1.08243 8 7 3 2 6
